"Epic","Feature","Story","FAILED","BROKEN","PASSED","SKIPPED","UNKNOWN"
"","","Basic: transfer tests","0","2","0","0","0"
"","","Basic: single user tests","0","0","4","2","0"
